0.0145268720457
0.0124261196982
0.0108794800018
0.00389793065598
0.0154877989108
0.00845466850437
0.0230383040317
0.0160180603057
0.00944536700295
0.0105744410006
0.00219403966962
0.0157885116391
0.0272216649088
0.0128555642113
0.0162841105035
0.0144578358274
0.0200592783355
0.00348168775008
0.00715890605675
0.00599200128623
0.00527655579789
0.0102049467308
0.0123730585388
0.0114140911944
0.0147488066749
0.010000026057
0.0307998990403
0.0068874647701
0.0115462177864
0.00921900132532
0.0272836540636
0.0396990178485
0.0160306366946
0.0216163862694
0.012550170318
0.00375921549426
0.0267068849969
0.0133681488111
0.016200034398
0.00831547157347
0.0181799483963
0.0192366490284
0.0266562403682
0.0285474119563
0.0069097917958
0.0121791538029
0.0173651676016
0.0135539229085
0.0214119104633
0.0152635199796
0.0150940065466
0.00365029464467
0.0088159572901
0.0186916099294
0.0114934418542
0.0131996325164
0.0363360984757
0.015277691985
0.0156979977619
0.0191034370687
0.0192300962576
0.00299497485085
0.017053469493
0.00844994451929
0.0145231912603
0.0214801198275
0.0131992859127
0.00684522371609
0.0210929852503
0.0155967759537
0.0136671374134
0.0176173878488
0.0275463842768
0.00892259689386
0.00779816585994
0.00948611581392
0.0184477301884
0.00480129375555
0.0188649266902
0.0165585395983
0.0121196018587
0.0144955515431
0.00891152723067
0.00894569849717
0.0201503140999
0.0206998168622
0.0100798610408
0.0177979286476
0.00426149427307
0.00624254645444
0.00230294826176
0.0126823076809
0.0185580957092
0.0124131547782
0.0142663928248
0.0168582707649
0.0088164811574
0.020826348827
0.0136211036092
0.0169370322866
0.0129332337303
0.00620613192542
0.0139663963249
0.0127874622366
0.0169027052076
0.00550496634334
0.0171573160649
0.0132744176792
0.0201637889534
0.0134782635972
0.00740177148373
0.0062012479397
0.0022130844741
0.0112524913398
0.0317311912202
0.013966380836
0.0211165122026
0.0151967903274
0.0238144472637
0.00410992394321
0.01697278148
0.0142158757169
0.0201503140999
0.0163126976886
0.0242989275056
0.0145131218173
0.00222556428474
0.00904899359418
0.0219306204604
0.0113807360517
0.0104422932979
0.0148357672825
0.00320676387601
0.0122234715321
0.00321207092762
0.0278426572618
0.0170720806459
0.0166155491891
0.012852375866
0.00526421357646
0.0186264073159
0.0149192092997
0.0116614888671
0.00417944856196
0.0118519221366
0.0172345811203
0.00860828382618
0.00548992012723
0.0188015697072
0.0136094630984
0.0131488091597
0.00799638136359
0.0130865563782
0.00301398866318
0.0135861412086
0.00518389402294
0.0104838657639
0.0127846332903
0.015447194967
0.00612662751636
0.0119150685304
0.00268873561931
0.016024342582
0.00316507079588
0.0199149382512
0.0086488039894
0.0342015091978
0.00610501328791
0.0129345022194
0.0267149506142
0.0162910601356
0.0116205838166
0.0172930188703
0.0189171710559
0.0108689310446
0.00696825746368
0.0139390083772
0.00342508682312
0.0149314448218
0.0154540116252
0.0200141045797
0.00793022420829
0.0142723568232
0.00820326403503
0.0229878900846
0.0147441983154
0.00508262741018
0.00725704283739
0.0180593633049
0.0155177292203
0.0188260094573
0.00860649836526
0.0135439053533
0.00855700600494
0.00983594624063
0.0124625438608
0.0235265974013
0.00220905090731
0.0395953786876
0.0153760394291
0.00511536830592
0.0159803015705
0.0194521185162
0.011282164982
0.013665041206
0.0094857893258
0.00891407289777
0.0196952251796
0.00848182870268
0.011545922624
0.0163870263897
0.0144753066139
0.00672996419973
0.00367096453099
0.0118740413092
0.0194486877885
0.0142090537829
0.0168669752318
0.0107962465164
0.00546937193993
0.0203327828975
0.0191421675887
0.0026041005983
0.0153449982887
0.0154856859875
0.0108710310231
0.00423267454324
0.0113058816071
0.0196770582897
0.00300665423225
0.0146525435473
0.0124680649837
0.0766280864157
0.0172784550751
0.00493949053013
0.0106048180942
0.016021988178
0.00994422769302
0.00621657419155
0.00230294826176
0.0163567951698
0.00496733577456
0.0166645828901
0.00502483290309
0.0134087930635
0.0169377418604
0.00846661532407
0.00342655585105
0.0139666388617
0.018049533314
0.0152505196077
0.00761602400294
0.019528989931
0.0364056774129
0.0138362255871
0.0198552449261
0.0261441811881
0.00336175334606
0.0130816427934
0.0134740754639
0.00853489258893
0.0195828421158
0.0133515660404
0.00637343208654
0.004955297445
0.0117299023743
0.0120882795128
0.0118480211517
0.0138405593148
0.00547314845927
0.00740572514752
0.0240361155435
0.00846485987
0.0182316768464
0.0239594038689
0.0114322812278
0.00250624570081
0.00811047195914
0.0173779711091
0.0122682991802
0.00950443636962
0.00332795283096
0.00358126720104
0.0166058029521
0.0153411777375
0.00511249432169
0.0195637152445
0.0180025660428
0.00963830589695
0.0160962952862
0.01131316677
0.00332077021395
0.0130786987035
0.0108856226975
0.0169562109847
0.0135793657872
0.00938189492607
0.0132185063356
0.0167391580041
0.0101791193299
0.0135146144257
0.00792016871504
0.0085284781976
0.0137075703122
0.00676851179658
0.00997358389025
0.0224998093386
0.0192079184884
0.0164876398931
0.0117766879795
0.0152436788654
0.00658977327877
0.0115046469919
0.0120348809415
0.0165408346828
0.0143201565001
0.0200773844852
0.0102591798906
0.0043896500609
0.012474185006
0.0142010758857
0.0156511264737
0.0154285766419
0.00230294826176
0.0182960414069
0.0154236728956
0.0151586712593
0.0149574243333
0.0150941529134
0.0153584848074
0.0113612457824
0.0226216794561
0.0139711724852
0.0142290182948
0.0230471396965
0.00346389321069
0.0133626928736
0.0150901147298
0.00938301312753
0.0120497080026
0.00866244274005
0.0163572571687
0.0159238714502
0.0041004035245
0.0172349283333
0.0129987402138
0.0173586199915
0.0137569607099
0.0101125164167
0.0174957082993
0.0077620982967
0.0153772172294
0.00230294826176
0.00976610957199
0.0142939948548
0.0162529811495
0.00588693514202
0.00754771122166
0.0114016489478
0.00631981774889
0.0113901088327
0.0200047785343
0.0121343907637
0.0116226833833
0.0175524853437
0.0154908785692
0.0173317519312
0.00427006353839
0.0160547794376
0.0107361980699
0.00983872533264
0.0171899977135
0.00557070096571
0.0164117533348
0.00745057587204
0.0151778413191
0.00359982613035
0.0029418120008
0.0084914299955
0.0120194719831
0.0195816753163
0.0158403795833
0.0249473777756
0.0223185995352
0.0131041365785
0.00920221463085
0.00782584639731
0.0124345024741
0.0145606819341
0.0113451141858
0.0153695453677
0.0196278495057
0.00563649723982
0.0271840977998
0.015669099803
0.00432044078453
0.0320936379305
0.0158507386789
0.0100165241025
0.0159403717508
0.0119430358212
0.00762831357818
0.016567819862
0.00284378228526
0.00440963535135
0.0140107496519
0.0113286357853
0.0303016591326
0.0157114551154
0.0170775190536
0.0145659699269
0.0117471613257
0.00770959872649
0.00942184427192
0.0150207730649
0.0148908289878
0.0118512565015
0.0112466894415
0.00647515729354
0.00828555453809
0.0155760352789
0.0153691011106
0.00462015217715
0.0174179363253
0.00983694728898
0.00387089931304
0.0121154485684
0.0141953706309
0.0130489116983
0.013848068714
0.015518156284
0.0162832737823
0.0098887264002
0.00904454719512
0.00741431370095
0.0143795304065
0.0161433840833
0.0158172929363
0.0100949516602
0.0175144022572
0.0176328552129
0.00324413789349
0.0120465587629
0.0163421884358
0.0163903587989
0.0109992852222
0.00852183111593
0.0171869348175
0.0187762916689
0.00661529631584
0.00982118409806
0.00823890414652
0.016899915857
0.0155085693666
0.00719322498832
0.0201005641235
0.00230294826176
0.0249128192621
0.0142690311041
0.0166478730665
0.00954083486568
0.00837489320907
0.0113294524514
0.0165626515999
0.01122129072
0.00950296825742
0.00885759192246
0.00299858079006
0.0213139747767
0.0114433242551
0.0183442322543
0.0120667550034
0.0219083349698
0.00819148792978
0.0145373765646
0.0098184825138
0.0167412930857
0.00924376256266
0.0161248321204
0.0046506639785
0.00546327019464
0.00711725368999
0.0135443277155
0.00957350633676
0.0106229155713
0.0232936184196
0.0139767035456
0.0364682350633
0.00743961244509
0.0160227046315
0.0269795097803
0.00974692447543
0.0153018931387
0.0060272287062
0.0308320441223
0.0100975012988
0.0149282928166
0.0121541567946
0.0100350531898
0.0042900666202
0.02
0.02
0.02
0.02
0.02
0.02
0.02
0.02
0.02
0.02
0.02
0.02
0.02
0.02
0.02
0.02
0.02
0.02
0.02
0.02
0.02
0.02
0.02
0.02
0.02
0.02
0.02
0.02
0.02
0.02
0.02
0.02
0.02
0.02
0.02
0.02
0.02
0.02
0.02
0.02
0.02
0.02
0.02
0.02
0.02
0.02
0.02
0.02
0.02
0.02
