0.0020159693934
0.00201448963097
0.00201656616244
0.00200342942405
0.0020176160729
0.00200858403374
0.00204044461129
0.00202214514741
0.00201541290092
0.002011283825
0.00200014882437
0.00202769002029
0.00204844880195
0.00201951109904
0.00202377457815
0.00202013807052
0.00202650300972
0.00200327687146
0.00200792742667
0.00200474920271
0.00201078627951
0.00201637829878
0.00201650316792
0.00201746789838
0.00202123372956
0.00202128779387
0.00204626527005
0.00200981739393
0.00202388907598
0.00200969793998
0.00203638932844
0.00208183331224
0.00202909618702
0.00203302417695
0.0020213295403
0.00200281069349
0.00204483542093
0.00201795309949
0.00202911152902
0.00202301899123
0.0020217057783
0.00202484506508
0.00205476294663
0.0020418011576
0.00201032729588
0.00201804708309
0.00204249222825
0.00202749664206
0.00202818724058
0.00201917976911
0.00201818519793
0.00200293394955
0.00200912517455
0.00204164985474
0.00201475509314
0.00202032556547
0.00206828577372
0.00202707711456
0.00201782641519
0.00202343172645
0.00203255000527
0.00200263523923
0.00201993139701
0.00202007904272
0.00202064419126
0.00202592183908
0.00201753160169
0.00202003743917
0.00202798985132
0.00201756908646
0.00201916667594
0.00202903311647
0.00204424386877
0.00200941844718
0.00201341290612
0.00201408510721
0.00203530378936
0.00200907598951
0.00202487137081
0.00202653593324
0.00201543114087
0.00202085972927
0.00202167507805
0.00201863973648
0.00204124520349
0.00202877082174
0.00201521171186
0.00202146813399
0.00200515705261
0.00201125124363
0.00200010553376
0.00201789402147
0.00203138316158
0.00201995899157
0.0020168544201
0.00202185771825
0.00200922184553
0.00202719850669
0.00202442054224
0.00202513148687
0.00201694268768
0.0020057786218
0.00201877114945
0.00202383287561
0.00202179367718
0.00200501236895
0.00202677508953
0.00201868485434
0.00202525477701
0.00201880720386
0.00200949915079
0.00201079217873
0.00200027267539
0.00201518690446
0.00206865881066
0.00202319419454
0.00202660451
0.00201983200273
0.00203206376736
0.00200327118505
0.00202542780098
0.00201962913377
0.00204124520349
0.00202415086049
0.00203263653966
0.00202345132199
0.00200031022259
0.00201083830371
0.00202989608613
0.0020148617016
0.00201259375608
0.0020246374053
0.00200258150801
0.00202112195372
0.0020053053788
0.00204527244718
0.00202557027768
0.00202648627411
0.00201761976494
0.00200611234735
0.00202500318109
0.00202122661221
0.00201553198672
0.00200476691712
0.0020184915202
0.00202654730508
0.00201374500989
0.00201054228974
0.00204506536979
0.00201960684847
0.0020144204604
0.00201222558861
0.00201714529819
0.00200302471983
0.00202279953178
0.00200591233112
0.00201089299108
0.0020135554435
0.00202205125386
0.00200499771327
0.00201295010116
0.00200136287017
0.002027983913
0.00200535699844
0.0020244887749
0.00201938114884
0.00205437691694
0.00200715219353
0.00202115037063
0.00203667950319
0.00202389853762
0.00201553488522
0.00202600651018
0.00202932386532
0.00201455325731
0.00201536970638
0.00201644970396
0.00200211098456
0.00201584667738
0.00202190938352
0.00202764122423
0.0020098865284
0.00201587284572
0.00201258264814
0.00203707092732
0.00202127740356
0.00200884511877
0.0020190074557
0.00202111064832
0.00202638238257
0.00202524728245
0.00201244188925
0.00201613673735
0.00201214100224
0.00201226115768
0.00201425566163
0.00203202254199
0.00200026863813
0.00207847304135
0.00201748226815
0.00200573587269
0.00202194939598
0.00203726905201
0.00201458879767
0.00201978959599
0.0020115387303
0.002028544641
0.00202982317033
0.00201190266993
0.0020123003417
0.00203108861297
0.00202049954562
0.00201060075063
0.0020043864962
0.00201342763834
0.00202219878291
0.00202358602173
0.00202422835358
0.00201584209328
0.00201408384567
0.00202723552706
0.00202357040064
0.00200168875442
0.00202242634114
0.00202243769911
0.00201083188865
0.00200574366701
0.00201761464417
0.00202345222204
0.00200346244014
0.00202066606093
0.0020206736242
0.00226897580113
0.00202114836365
0.00201351186623
0.00201598509179
0.00201948647695
0.00202036881975
0.00200959828841
0.00200010553376
0.00202398786852
0.00201414378287
0.00202628601293
0.00201011490101
0.00201573162654
0.00202507596497
0.00202384572304
0.00200285361263
0.00201988867074
0.00202967281322
0.00202205326984
0.00201323859423
0.00202350669965
0.00207940504227
0.00201609017733
0.00203619063116
0.00203824746397
0.00200220682708
0.00202188401228
0.00201883689527
0.00201603011108
0.00202664889783
0.00202110428601
0.00201156756497
0.00200346518617
0.00201322911346
0.00201278975932
0.0020147058188
0.00201885684135
0.00201206959659
0.00201514259893
0.00203164526552
0.00201955207737
0.00202358056446
0.00203904520577
0.00201778597292
0.00200084846865
0.00201380214663
0.00202603361761
0.00201377830058
0.00200865246863
0.00200190360641
0.00200242971322
0.00202775032913
0.0020215902923
0.00201077310967
0.002034228222
0.00203047673837
0.00201401259915
0.00201919639766
0.00201781785991
0.0020046956416
0.0020179680218
0.00201442696322
0.00202526120136
0.00201773583514
0.00201480129166
0.00201787832
0.00201883829596
0.00201646908553
0.00201429875858
0.00201027278984
0.00202650525824
0.00202054496703
0.0020055134157
0.00201324535071
0.00203205556143
0.00202173768861
0.00202478598589
0.00201581621678
0.00201892180984
0.00201085511868
0.0020152024154
0.0020164053407
0.00202339067895
0.00202071903077
0.00202597893357
0.00201167702691
0.00200746193771
0.00201951780323
0.00201653453559
0.00201782584121
0.00202156741503
0.00200010553376
0.00202216143536
0.00202042077978
0.00202432449767
0.00202061040309
0.00202328339027
0.00202325413935
0.00201843141294
0.00203210031552
0.00201563378681
0.00202467253389
0.00202907788685
0.00200514901503
0.00202135475669
0.00202183499734
0.00201151991615
0.00201641631392
0.00202400494102
0.00202427397666
0.00202335240803
0.00200700691778
0.00203073162457
0.00201453901525
0.00202118026396
0.0020198005942
0.00201369709035
0.002029639775
0.00200871695216
0.00202026951089
0.00200010553376
0.00201261938465
0.00203632470509
0.00202410926294
0.00201361693976
0.00200838821011
0.00201264396408
0.00200767633335
0.00201942351743
0.00202451336331
0.00201686222582
0.0020179710651
0.00203220065358
0.002023085981
0.00203033200973
0.00201089699507
0.00202300857765
0.00201505686952
0.00201470625257
0.00203002415495
0.0020093098514
0.00201937232632
0.00200807660492
0.0020221729956
0.00200712923272
0.00200224536484
0.00202703940625
0.00201588466044
0.00202414570631
0.00201778697357
0.00203207072442
0.00202886954803
0.00201870843997
0.00201024622274
0.00200816931082
0.00201380870137
0.00202218185077
0.0020159170294
0.00202312707891
0.00202421177069
0.00201175122907
0.0020467015698
0.00201922505676
0.00200389559782
0.00206021551763
0.00202273698786
0.00201433186099
0.00202333848088
0.00201481491503
0.00201601823798
0.00202652274565
0.00200239079907
0.00200472625316
0.00201571747858
0.0020160889953
0.00204904931414
0.00202286325454
0.00202818327568
0.00201639066613
0.00201822071746
0.00200644129686
0.00201120096672
0.00201817873914
0.00202124353828
0.00201376378603
0.00201683590188
0.00201285444198
0.00201018652594
0.00202144105308
0.00202186693413
0.00200484747395
0.00202214926121
0.00201404748361
0.00200303297378
0.00201546110893
0.00203207605828
0.00202171799396
0.00201651887653
0.0020223305171
0.00202377460439
0.00201469293237
0.00202145036269
0.00201024445402
0.00201974839719
0.00201913928478
0.00202279487306
0.00201295698827
0.00204746909795
0.00202433491184
0.0020020086158
0.00201833389447
0.00202404513843
0.00202801381866
0.00201763545897
0.00201269085432
0.00202228005139
0.00202382123841
0.00201655159275
0.00201260494456
0.00201052684095
0.00201977695304
0.00202216063379
0.00201291346319
0.0020260639626
0.00200010553376
0.00203363475248
0.00202017553279
0.00202007942461
0.00201424495176
0.00200947224217
0.00202187160242
0.00202444983707
0.00201496093293
0.00201149409972
0.00200848966068
0.00200187821583
0.00202760226719
0.00201852848235
0.00203390905737
0.00201458419762
0.00203265092595
0.00200979900976
0.00201689382924
0.00201001563719
0.00202931308384
0.00203389179857
0.00202416451739
0.0020063195645
0.00201739255268
0.00202298024811
0.00202044581804
0.00201355520573
0.00201630314595
0.00203285502696
0.00201826684658
0.00206469322754
0.00201565596215
0.00202762597419
0.00203976936843
0.00201191050531
0.00202286697555
0.00200761832025
0.00205711448952
0.00201189693513
0.00202128856658
0.00204430528149
0.00201295204575
0.00200324398156
0.002
0.002
0.002
0.002
0.002
0.002
0.002
0.002
0.002
0.002
0.002
0.002
0.002
0.002
0.002
0.002
0.002
0.002
0.002
0.002
0.002
0.002
0.002
0.002
0.002
0.002
0.002
0.002
0.002
0.002
0.002
0.002
0.002
0.002
0.002
0.002
0.002
0.002
0.002
0.002
0.002
0.002
0.002
0.002
0.002
0.002
0.002
0.002
0.002
0.002
